A hard one:
0 0 7 0 0 0 0 0 0
0 0 0 8 6 0 4 0 0
2 0 0 0 0 1 6 0 3
0 0 9 0 0 0 1 0 0
1 0 2 0 0 7 0 9 0
0 0 0 0 0 0 0 6 0
0 0 5 0 0 9 0 0 1
0 0 0 0 0 0 3 4 0
0 0 0 3 0 0 2 0 0

2 5 8 7 3 0 9 4 1
6 0 9 8 2 4 3 0 7
4 0 7 0 1 5 2 6 0
3 9 5 2 7 0 4 0 6
0 6 2 4 0 8 1 0 5
8 4 0 6 5 0 7 2 9
1 8 4 3 6 9 5 7 2
0 7 0 1 4 2 0 9 3
9 2 3 5 8 7 6 1 4

0 6 0 0 0 1 0 0 7                                                                                                     
0 5 0 0 0 0 0 0 4                                                                                                     
0 0 0 0 0 0 0 5 0
5 0 7 8 9 0 0 3 0
8 0 0 5 4 0 7 1 0
4 0 0 2 0 0 5 9 0
0 7 5 0 0 0 2 0 3
0 0 0 0 0 0 0 6 0
0 8 0 0 2 0 9 0 1